0.000000 0.000000 -103.212500
166.666500 0.000000 -103.213500
333.333250 0.000000 -103.219500
500.000000 0.000000 -103.212500
500.000000 156.666500 -103.213750
333.333250 156.666500 -103.210250
166.666500 156.666500 -103.200000
0.000000 156.666500 -103.219000
0.000000 313.333250 -103.208000
166.666500 313.333250 -103.199000
333.333250 313.333250 -103.206250
500.000000 313.333250 -103.226750
500.000000 470.000000 -103.218250
333.333250 470.000000 -103.222500
166.666500 470.000000 -103.235750
0.000000 470.000000 -103.207250
